19 19
0.1111 0 0 0 0 0 0 0 0 0 0 0 0 0 0 0 0 0 0
0 0.1111 0 0 0 0 0 0 0 0 0 0 0 0 0 0 0 0 0
0 0 0.1111 0 0 0 0 0 0 0 0 0 0 0 0 0 0 0 0
0 0 0 0.1111 0 0 0 0 0 0 0 0 0 0 0 0 0 0 0
0 0 0 0 0.1111 0 0 0 0 0 0 0 0 0 0 0 0 0 0
0 0 0 0 0 0.1111 0 0 0 0 0 0 0 0 0 0 0 0 0
0 0 0 0 0 0 0.1111 0 0 0 0 0 0 0 0 0 0 0 0
0 0 0 0 0 0 0 0.1111 0 0 0 0 0 0 0 0 0 0 0
0 0 0 0 0 0 0 0 0.1111 0 0 0 0 0 0 0 0 0 0
0 0 0 0 0 0 0 0 0 0.1111 0 0 0 0 0 0 0 0 0
0 0 0 0 0 0 0 0 0 0 0.1111 0 0 0 0 0 0 0 0
0 0 0 0 0 0 0 0 0 0 0 0.1111 0 0 0 0 0 0 0
0 0 0 0 0 0 0 0 0 0 0 0 0.1111 0 0 0 0 0 0
0 0 0 0 0 0 0 0 0 0 0 0 0 0.1111 0 0 0 0 0
0 0 0 0 0 0 0 0 0 0 0 0 0 0 0.1111 0 0 0 0
0 0 0 0 0 0 0 0 0 0 0 0 0 0 0 0.1111 0 0 0
0 0 0 0 0 0 0 0 0 0 0 0 0 0 0 0 0.1111 0 0
0 0 0 0 0 0 0 0 0 0 0 0 0 0 0 0 0 0.1111 0
0 0 0 0 0 0 0 0 0 0 0 0 0 0 0 0 0 0 0.1111
